-31089 -4631 -2035 -13726 -510 3111 -4294 11499
-9847 -23738 10607 -18014 -1428 14593 26719 2415
600904782
20541 -5922 -24878 18143 -18976 -22019 32419 -14020
11262 29058 -23161 3213 26417 -21119 29969 9145
1500826463
-2861 -5498 -25205 26762 25828 13399 -23953 20461
22405 -8606 2410 24920 24942 4714 20634 11576
1039355269
19525 -11924 11317 -4391 17108 21125 -22062 23145
-11715 -17891 20922 -15565 -22217 -19294 -8938 -16812
-689880672
-2854 -8536 23080 -27141 -2121 25767 15394 19895
-20933 14576 23052 2263 4256 -7185 -17487 -6358
-183908036
-29897 8737 4767 22868 5174 -10177 -24895 4611
-30401 -2818 4188 -30372 17218 -16710 -26863 25421
1254809349
-20796 1394 23832 -20794 7375 2323 27812 -30434
-19493 11352 -7553 19395 18828 -32516 -7460 -7166
-88167254
12679 -20300 -31347 -17710 2298 -19111 -24623 -10922
-6303 -28926 152 20643 3133 21133 -3812 -22536
80257728
-25673 -7579 -23262 9491 -32720 15606 5665 11844
-32403 3154 -15294 -27087 -27120 -32447 22961 -23046
1144780123
-8432 5532 -21463 -25893 6561 -32170 347 16716
26683 -19079 -23470 -21109 -25086 20986 -15178 -5115
-210702109
19048 -15760 -30092 -28841 31036 13663 -7572 -21515
30222 30675 -24702 -13748 -27660 -20287 13626 893
-25956700
30391 -17103 -19185 -1866 -11324 -17882 28314 27607
1586 27990 -1223 -2366 17642 -23328 -4081 -10599
-593417372
-5151 -806 -22782 -16073 8849 4046 -25942 -29801
-11345 11761 -26348 14955 31818 12903 27238 -11014
364230188
12794 25565 -4507 15391 -788 -22088 11211 28839
-26966 -24350 -8142 -8329 1971 -25392 12546 -22837
-1017644088
3849 -4041 -6998 -31346 -9533 -25761 13699 -17483
-20659 7882 -9411 8309 2867 18703 -19833 -18878
-756750676
-2523 -15080 17524 19381 -28996 21192 3065 -14998
25991 4217 -24297 327 -12928 -25571 20139 18062
-924818879
23271 14784 14438 5511 -7497 -24913 -26889 -2225
9819 16326 24916 8165 23840 19708 23536 23461
-480178057
7747 5227 32210 5123 23386 -25886 -26551 -19317
26936 -14029 -19591 18721 -15708 26612 -21460 -30160
-303615158
-9069 -19982 -2832 22362 -16867 -20795 23629 -22914
20680 24979 -19614 24314 18283 -7147 -5206 25621
-957270446
28934 -17511 11665 -20928 -2988 12627 -11739 -4503
-28049 -24654 -14784 -7300 31186 14556 -18345 -466
-91469335
-24552 2233 -26166 8917 -14952 22340 -2855 837
-14382 -8914 -1346 23108 -32525 -7571 -12178 23139
945788567
3586 21964 -1278 -9517 28247 18277 -516 20051
-22490 8389 11105 -15408 -14832 -25222 31640 29910
-60490226
-32052 -4644 -24983 -22860 -27492 13421 -22802 -24347
568 23845 -3248 -21888 11685 -29845 25977 12096
-1156059883
-10761 5638 -31377 4435 11909 -14626 20777 -8468
-25461 -22800 -19561 29228 -5055 1794 29538 -7873
1482771649
17281 7240 -31095 -5159 -8138 -23383 16122 30725
15341 -5900 483 -17400 20047 -9801 -16607 -18007
-457829296
-28553 -18390 12683 4380 -24389 10703 -6857 133
-31636 4050 18176 2600 -15372 -29900 15710 31027
1022028545
-8261 435 7558 13785 -8264 27028 4407 -4672
21925 -22534 -7488 -18723 14229 2579 32072 -13314
-349954506
-18627 12021 29534 -14030 -18006 9081 4116 5234
-13171 -5372 29556 32527 -21587 2409 -20389 -23554
800681390
10373 9313 5535 -2250 27400 -3602 -22421 22178
586 -8729 -1681 25137 -9545 1621 15746 7450
-596263992
11161 15820 -28474 -8435 21411 11376 6706 -27198
14460 -26026 1723 15265 232 26801 -5305 7937
-369754565
9341 1745 21754 -28731 7865 16551 -5429 22144
-28165 -10535 7663 -15531 -28941 -483 8777 -5471
-72966032
-18070 12503 -13033 -27168 1529 -11384 30192 17359
-20816 -5308 -5546 15918 16164 12757 15521 31060
836869630
-5966 31739 22805 -13921 -23104 27778 31317 7404
27136 13421 29223 -31918 20314 -14053 14091 29508
1174902925
-15779 -20453 -6467 3399 27647 7680 32632 3115
2261 -27773 -26474 -24645 13140 29405 28860 -18120
2094231553
-30927 -4147 25414 -11827 15035 -32557 13837 11225
24718 21736 -24507 17181 -31393 -20222 1619 125
-1470434236
30288 15787 -18972 740 -23033 -32153 -7541 12804
-11442 -27260 -15149 -29776 6365 1004 1650 -5864
-777948291
-14150 18305 -29196 28437 -403 -13815 -19590 -9416
32511 10083 5940 27355 25262 29954 6810 -23642
-5781364
29445 -2649 -30407 12814 -21863 19052 28838 19151
-19907 25451 5676 3848 8216 5104 -19352 -1581
-1447598881
23619 17624 -1715 23510 -5695 31665 -15977 22628
-8206 -10754 -19371 28614 20696 9999 21973 -12095
-103403271
22309 4748 -369 5408 -8169 -22476 24983 -30030
3503 28323 29558 4716 9374 -15339 19290 -20229
1584805355
-7528 -28195 21558 20389 -5993 23196 -6401 -9967
16583 -10982 -32205 -8689 28550 -21807 27224 9036
-1627892703
-5576 -22426 18388 -23187 24240 -20065 14059 -32137
15996 -15386 2341 2229 11529 25119 -6242 4773
-218480729
9960 -23036 -18445 -8725 -10983 3855 -22176 -17467
-25974 1627 7024 -5267 13883 1226 -30478 16229
-135126291
9771 -8365 21264 -4173 -7804 -30841 26345 -21404
-26813 -22225 15985 29080 29460 -15239 14765 -1332
800050714
11426 9316 16152 -16652 -9793 25941 1691 -7801
-16419 16122 11845 18356 -30831 4150 22191 27018
84586082
-12382 -10472 -10672 -24929 2605 -27679 15507 19498
-21166 2562 2056 27364 29938 27727 26013 -19938
-1143685316
-15874 -21020 -26606 20163 17758 29047 -22525 -29926
8559 -18699 -20522 -24860 8 11194 19984 -22323
845136246
-759 26704 -13747 -14566 -13108 3628 20646 -28845
2545 -10447 17925 -20797 -30815 32178 1248 -19104
873091676
-10537 8251 -18330 -28053 -4266 5319 5471 13899
16678 -19722 -16518 1663 -21939 -11666 -26575 2654
-159303066
-27170 -7131 6157 26438 19431 888 18702 -7099
23298 -31139 13208 -22293 -18507 -25484 17565 -30055
-759393363
-7297 -3689 27803 -13549 20817 18904 22280 -5155
-6994 13905 12472 18635 -28369 11136 12335 -8380
31993245
-15904 -27263 17763 -7400 14443 3810 -17992 -18270
26073 7723 28868 -23036 15572 -19119 -27771 -24286
1153455601
276 27123 -17301 17512 -2289 -29370 10660 -22399
24740 29089 25505 -1526 -26688 10500 -15845 -11776
175390626
13977 17703 -14586 16423 24732 23862 24671 29816
-14350 6860 29563 21028 14862 22118 -20388 -16286
-258219468
-29353 27111 -14096 -1592 -16766 27920 6807 -29123
16452 -3341 16610 -26640 -4103 -21091 -11725 4178
-1486774878
22436 -8669 9719 29770 23064 26141 -19685 16209
-2117 -1511 -23450 -20880 441 24733 -20893 -32741
-346609890
5888 31229 8256 26826 421 -10471 -3617 17787
-21778 -22563 -3549 -24745 -12085 5018 5485 17521
-1291783186
1993 11060 23314 30748 -27133 -25765 12239 25755
-19305 31004 26523 -925 16658 25089 -24466 18760
-20330476
8002 -9192 17180 6607 15366 -14312 -28942 -19854
22063 -19916 -11669 25306 -7425 -198 -21924 5458
741241822
-16342 -26535 -20257 -13651 -19132 14392 -21547 25788
20080 -1404 31904 15653 18852 2235 29214 -17173
-2551692377
-11948 27673 -8650 8213 -377 -5720 -5801 -25513
18778 32572 -26769 -12564 -30267 28166 21516 -27309
1227590470
-31310 -11890 32261 8134 26915 2182 13986 -9068
-27569 11188 -7336 24521 -31274 16112 -6642 -13911
-80386202
-686 -1914 11303 -2970 -29533 30572 16507 -22387
-23670 -30104 -32289 -28226 6642 -19898 -29083 -10089
-1265965151
10141 29974 -6982 -6958 22880 -20677 -13702 -20890
1390 104 -11010 17260 22159 -17749 -24656 7196
1035496091
-16558 -15435 -2669 -20213 -3850 -28957 7731 -20026
6193 -16933 -12472 -13005 -17042 16678 31184 10095
76562882
3049 -27127 11136 29090 24126 16350 -30729 -18261
2288 25196 -32504 -19363 -17264 -6087 -14630 26823
-2158033241
-16908 23925 794 -6344 -24650 -24231 -4089 -6826
-20593 27478 -31994 16538 6037 -29081 30130 -11713
1387878315
30127 18824 -32413 27013 -17254 23821 13860 -29689
-22677 462 -19165 -22896 25478 -28513 3260 -27715
-922579144
425 4619 -8354 -13360 1900 -2868 -24591 -10763
-32014 28827 -9207 -154 -19707 -1565 -25663 21993
559931975
10339 -15359 26350 -8540 -23571 -8200 -13613 19462
-9652 -681 -23339 17819 6363 23916 17368 14017
-1166214662
4247 -13992 -16879 -5215 5699 26070 23437 15865
-15192 11759 -3206 -990 -13843 -8977 17954 1762
-33955047
11117 28769 -16636 -29192 -14745 30082 -14389 24593
11101 -16039 14150 -2461 -6624 -20006 19013 17084
-859154919
-3853 29295 -30954 -21239 -32346 -16176 -1378 -17265
-21797 3444 6843 -31344 -22939 -20770 -5330 23861
1312117804
9924 -6894 18444 15974 23916 17411 1315 15505
-30430 -9184 7909 8776 -14789 10206 -19672 929
-140072997
-1077 10265 -4750 11860 -12863 -27638 -7069 31093
-26146 -18456 12522 -23002 -11516 1557 3901 8465
-152850800
9466 -22460 5162 4159 3095 -4000 -18857 1279
13987 29228 29044 -29635 -29181 -26325 17227 -18709
-831180320
-10005 10969 -13048 18601 -20105 -24280 -20571 -13713
31703 -8299 8116 1554 2198 9882 -31108 -937
-116565861
-10908 27845 -27643 9197 9459 -28282 23822 -11691
-1901 22190 -20912 -6789 10478 -13223 -16107 -3816
1288244831
-23212 11652 29802 4101 6058 4555 12466 12549
-14891 -18416 6600 14238 -23263 -27585 25126 29726
805825259
-1284 29013 -15739 9316 6646 -19104 -26428 27352
30132 6958 28257 -16838 -437 -15350 25104 -9115
-1060836659
27012 25347 14836 25662 19689 23046 -22327 29552
-9970 -32524 -9156 31652 -28782 -3076 3408 -241
-1138071002
-32702 -21280 -23543 4671 -16658 -4292 -2910 -8319
-3013 -7122 31711 -12537 -6950 -31349 -27288 -10093
-141350359
-8926 6901 -7065 -2012 -28141 30281 -23245 8755
-1489 32580 -19944 24418 19946 29338 4250 -18220
398676980
23140 3221 29774 -28918 -12942 -9368 -21827 2416
-1890 -31269 -41 15474 -3769 20565 -27092 -19569
-192966057
25580 11241 29517 2907 -5083 11885 -31471 -7638
30972 -22766 18526 5288 -14618 11106 -12475 -19619
1847304063
3606 -2133 -26498 -2736 -17070 -526 4005 -2359
17956 12084 5719 12046 29420 31177 -4814 -17239
-642737525
15759 15039 -20541 20135 6932 22279 20681 22190
15094 6316 23608 -24230 -20813 -16688 -15097 -9629
-1681906543
27828 21741 -31327 -32657 -20439 -21438 -1814 -7485
29500 -1499 5945 -15175 20467 15043 -29274 -10111
485634225
31301 -16219 24492 -27370 -4793 28408 -7031 25749
-14959 -29628 -18840 -23537 -27416 13616 19857 24835
1213153347
-32348 20769 -32561 6869 16614 -5674 2489 5051
7020 -18653 20311 27199 -5260 8021 23489 25727
-1033493253
-18232 20278 -23263 -17389 -761 5110 17256 -2039
-26276 -1062 23938 6911 3922 20519 17564 -23780
233922975
23048 24080 15493 -14450 -23227 12051 24349 27198
27294 -4743 -18741 32326 -6408 -8338 19384 -4547
154064747
-25264 29322 -11094 -14591 -15859 29901 -29831 14737
7924 10873 -28032 10924 -13323 -3821 14854 28507
344256815
-14818 -10457 5279 16564 -6797 -20787 5650 -1170
-29675 -15096 -7379 26910 7424 21578 32211 -19969
710719587
53 32267 19763 28998 4170 -4671 1619 32602
-18040 31261 20347 24339 -16236 1994 17057 -29541
1103144157
-19475 -17143 25579 -14376 21926 -20331 -8438 -30320
27324 5005 4640 22197 24858 -17184 -28703 22180
-354250401
23319 24158 -2237 -25915 -28648 26688 26672 19389
23332 557 4420 -21573 -11484 986 9073 4557
1792370398
1563 21354 4883 30418 -6808 -28563 -26022 2591
-3776 -22346 6700 -25748 -22601 961 7187 -26179
-1361996274
31720 19605 -20768 -6734 -31617 -83 -15472 26278
2286 -10365 -17515 -3809 -391 8258 22120 14629
312564476
-16620 2739 26170 32485 -5283 -20517 8594 15194
22722 3900 -43 19009 14342 30825 -4304 -28640
-930925532
